<<<<<<< HEAD
5
3 10 10
0 0 0 0 0 0 0 0 0 0
1 0 1 0 1 0 0 0 0 0
1 0 3 0 1 1 0 0 0 1
1 1 1 0 1 2 0 0 0 9
1 1 4 0 1 1 0 0 1 1
1 1 4 1 1 1 2 1 1 1
1 1 5 1 1 1 1 2 1 1
1 1 6 1 1 1 1 1 2 1
1 1 1 1 1 1 1 1 1 5
1 1 7 1 1 1 1 1 1 1
2 9 10
0 0 0 0 0 0 0 0 0
0 0 0 0 0 0 0 0 0
0 1 0 0 0 0 0 0 0
0 1 0 0 0 0 0 0 0
1 1 0 0 1 0 0 0 0
1 1 0 1 1 1 0 1 0
1 1 0 1 1 1 0 1 0
1 1 1 1 1 1 1 1 0
1 1 3 1 6 1 1 1 1
1 1 1 1 1 1 1 1 1
3 6 7
1 1 0 0 0 0
1 1 0 0 1 0
1 1 0 0 4 0
4 1 0 0 1 0
1 5 1 0 1 6
1 2 8 1 1 6
1 1 1 9 2 1
4 4 15
0 0 0 0 
0 0 0 0 
0 0 0 0 
1 0 0 0 
1 0 0 0 
1 0 0 0 
1 0 0 0 
1 0 5 0 
1 1 1 0 
1 1 1 9 
1 1 1 1 
1 6 1 2 
1 1 1 5 
1 1 1 1 
2 1 1 2 
4 12 15
9 9 9 9 9 9 9 9 9 9 9 9
9 9 9 9 9 9 9 9 9 9 9 9
9 9 9 9 9 9 9 9 9 9 9 9
9 9 9 9 9 9 9 9 9 9 9 9
9 9 9 9 9 9 9 9 9 9 9 9
9 9 9 9 9 9 9 9 9 9 9 9
9 9 9 9 9 9 9 9 9 9 9 9
9 9 9 9 9 9 9 9 9 9 9 9
9 9 9 9 9 9 9 9 9 9 9 9
9 9 9 9 9 9 9 9 9 9 9 9
9 9 9 9 9 9 9 9 9 9 9 9
9 9 9 9 9 9 9 9 9 9 9 9
9 9 9 9 9 9 9 9 9 9 9 9
9 9 9 9 9 9 9 9 9 9 9 9
9 9 9 9 9 9 9 9 9 9 9 9
=======
3
3
2 1 2
5 8 5
7 2 2
3
9 4 7
8 6 5
5 3 7
5
5 2 1 1 9
3 3 8 3 1
9 2 8 8 6
1 5 7 8 3
5 5 4 6 8
>>>>>>> 0c88bf1ace56454836add055d30d0c6bad734f9a
